{
 "cells": [
  {
   "cell_type": "code",
   "execution_count": 2,
   "metadata": {},
   "outputs": [],
   "source": [
    "import numpy as np\n",
    "import matplotlib.pyplot as plt\n",
    "import matplotlib.ticker as mtick\n",
    "import pandas as pd\n",
    "import re\n",
    "plt.rc('font', family='Times New Roman') # 设置latex字体"
   ]
  },
  {
   "cell_type": "code",
   "execution_count": 27,
   "metadata": {},
   "outputs": [],
   "source": [
    "class GrayCode: # 返回n位格雷码的list\n",
    "    def __init__(self):\n",
    "        self.base = [\"0\", \"1\"]\n",
    "\n",
    "    def getNext(self , prelist, z_or_one):\n",
    "        output = []\n",
    "        for code in prelist:\n",
    "            new_code = \"%s%s\" % (z_or_one, code)\n",
    "            output.append(new_code)\n",
    "        if z_or_one == 1:\n",
    "            output.reverse()\n",
    "        return output\n",
    "\n",
    "    def gray(self):\n",
    "        haf1 = self.getNext(self.base, 0)\n",
    "        haf2 = self.getNext(self.base, 1)\n",
    "        ret = haf1 + haf2\n",
    "        self.base = ret \n",
    "\n",
    "    def  getGray(self, n):\n",
    "        for i in range(n - 1):\n",
    "            self.gray()\n",
    "        return self.base\n",
    "\n",
    "class KCC:\n",
    "    def __init__(self, instance_name, symmetric):\n",
    "        self.instance_name = instance_name\n",
    "        self.symmetric = symmetric\n",
    "        self.pf_file_name = instance_name\n",
    "        # Read the pf file\n",
    "        self.pf = np.loadtxt(self.pf_file_name)\n",
    "        print (self.pf.shape)\n",
    "        self.SOL_NUM = self.pf.shape[0]\n",
    "        self.OBJ_NUM = self.pf.shape[1]\n",
    "        self.nor_pf_file_name = instance_name\n",
    "        self.nor_pf = np.loadtxt(self.nor_pf_file_name)\n",
    "        ################################\n",
    "        # 根据对称还是非对称，提取算例名\n",
    "        if self.symmetric is False:\n",
    "            self.csv_name = self.instance_name.replace('D:/Yuyan/pyCode/obj_relationships/result/as/MOEAD/MOEAD_GLS/', '').replace('/PF/pf', '')\n",
    "        else:\n",
    "            self.csv_name = self.instance_name.replace('D:/Yuyan/pyCode/obj_relationships/result/s/MOEAD/MOEAD_GLS/', '').replace('/PF/pf', '')\n",
    "        ################################\n",
    "        \n",
    "    # Step 1-Global pairwise relationsips analysis        \n",
    "    def analyze_KCC_2(self):\n",
    "        print (type(self.pf))\n",
    "        df = pd.DataFrame(self.pf)\n",
    "        print (df.shape)\n",
    "        result = df.corr('kendall')\n",
    "        print (result.shape)\n",
    "        print (result)\n",
    "        x = []\n",
    "        y = []\n",
    "        z_line = []\n",
    "        up = []\n",
    "        down = []\n",
    "        for i in range(0, self.OBJ_NUM):\n",
    "            for j  in range(i + 1, self.OBJ_NUM):\n",
    "                res = result[i][j]\n",
    "                s = '$f_{' + str(i + 1) + '}-f_{' + str(j + 1) + '}$'\n",
    "                # print (s)\n",
    "                x.append(s)\n",
    "                y.append(res)\n",
    "                z_line.append(0)\n",
    "                up.append(0.5)\n",
    "                down.append(-0.5)\n",
    "        data = pd.DataFrame({'obj':x, 'res':y, 'zero':z_line, 'up':up, 'down':down})\n",
    "        print (\"INSTANCE: \", self.csv_name)\n",
    "        data.to_csv('kendall/' + self.csv_name + '-kendall.csv', index=False)\n",
    "        \n",
    "    # Step 2-Objective range analysis            \n",
    "    def analyze_obj_range(self):\n",
    "        obj_list = []\n",
    "        min_list = []\n",
    "        max_list = []\n",
    "        average_list = []\n",
    "        for i in range(self.OBJ_NUM):\n",
    "            _min = 1e10\n",
    "            _max = -1\n",
    "            _sum = 0\n",
    "            for j in range(self.SOL_NUM):\n",
    "                if self.pf[j][i] < _min:\n",
    "                    _min = self.pf[j][i]\n",
    "                if self.pf[j][i] > _max:\n",
    "                    _max = self.pf[j][i]\n",
    "                _sum += self.pf[j][i]\n",
    "            obj_list.append('$f_' + str(i + 1) + '$')\n",
    "            min_list.append(_min)\n",
    "            max_list.append(_max)\n",
    "            average_list.append(_sum / self.SOL_NUM)\n",
    "        data = pd.DataFrame({'obj':obj_list, 'min':min_list, 'max':max_list, 'average':average_list})\n",
    "        data.to_csv('range/' + self.csv_name + '-range.csv', index=False)\n",
    "    \n",
    "    def analyze_threshold(self):\n",
    "        alpha = 20 # divide the range into alpha parts with equal range\n",
    "        interval = 1.0 / alpha\n",
    "        threshold_list = []\n",
    "        r_zero_list = []\n",
    "        for i in range(alpha + 1):\n",
    "            threshold = i * interval\n",
    "            threshold = round(threshold, 2)\n",
    "            threshold_list.append(threshold)\n",
    "            r_zero = self.region(threshold)\n",
    "            r_zero_percentage = r_zero / self.nor_pf.shape[0]\n",
    "            r_zero_list.append(r_zero_percentage)\n",
    "        data = pd.DataFrame({'threshold':threshold_list, 'r_zero':r_zero_list})\n",
    "        data.to_csv('threshold/' + self.csv_name + '-threshold.csv', index=False)\n",
    "    \n",
    "    def region(self, threshold):\n",
    "        a = GrayCode()\n",
    "        region_list = a.getGray(6)\n",
    "        region_dict = {}\n",
    "        for i in range(len(region_list)):\n",
    "            region_dict[region_list[i]] = 0\n",
    "        for i in range(self.SOL_NUM):\n",
    "            my_code = ''\n",
    "            for j in range(self.OBJ_NUM):\n",
    "                if self.nor_pf[i][j] <= threshold: # better: 0\n",
    "                    my_code += '0'\n",
    "                else:\n",
    "                    my_code += '1' # worse\n",
    "            region_dict[my_code] = region_dict[my_code] + 1\n",
    "        sol_num = []\n",
    "        for i in range(len(region_list)):\n",
    "            sol_num.append(region_dict[region_list[i]] / self.SOL_NUM)\n",
    "        region_list = np.reshape(region_list, (8, 8))\n",
    "        sol_num = np.reshape(sol_num, (8, 8))\n",
    "        for i in range(8):\n",
    "            if i % 2 == 1:\n",
    "                region_list[i] = region_list[i][::-1]\n",
    "                sol_num[i] = sol_num[i][::-1]\n",
    "        print (region_list)\n",
    "        print (sol_num)\n",
    "        data = pd.DataFrame(sol_num)\n",
    "        data.to_csv(self.instance_name + '-' + str(threshold) + '-3.csv', index=False)\n",
    "        gray_list = []\n",
    "        for i in range(8):\n",
    "            for j in range(8):\n",
    "                count = 0\n",
    "                for k in range(6):\n",
    "                    if region_list[i][j][k] == '0':\n",
    "                        count = count + 1\n",
    "                gray_list.append(count)\n",
    "        gray_list = np.reshape(gray_list, (8, 8))\n",
    "        data = pd.DataFrame(gray_list)\n",
    "        data.to_csv('region_map.csv', header=False, index=False)\n",
    "        return region_dict['000000']\n",
    "    \n",
    "    def scatter_plot(self):\n",
    "        '''\n",
    "        s = [321, 322, 323, 324, 325, 326]\n",
    "        index = 0\n",
    "        plt.figure(figsize=(15, 20))\n",
    "        for base in range(self.OBJ_NUM):\n",
    "            x = self.nor_pf[:, base]\n",
    "            color = ['blue', 'red', 'black', 'green', 'purple', 'orange']\n",
    "            l = []\n",
    "            labels = []\n",
    "            plt.subplot(s[index])\n",
    "            index = index + 1\n",
    "            for i in range(self.OBJ_NUM):\n",
    "                if i != base:\n",
    "                    l_t = plt.scatter(x, self.nor_pf[:, i], s=5, c=color[i])\n",
    "                    l.append(l_t)\n",
    "                    labels.append('$Z_'+ str(i + 1) + '$')\n",
    "            plt.legend(handles=l, labels=labels, loc='best')\n",
    "            plt.xlabel('$Z_' + str(base + 1) + '$')\n",
    "            plt.title(self.instance_name + ' ($Z_' + str(base + 1) + '$)')\n",
    "        plt.savefig(self.instance_name + '-step4.png')\n",
    "        plt.show()\n",
    "        '''\n",
    "        \n",
    "        base = 2\n",
    "        x = self.nor_pf[:, base]\n",
    "        color = ['blue', 'red', 'black', 'green', 'purple', 'orange']\n",
    "        l = []\n",
    "        labels = []\n",
    "        for i in range(self.OBJ_NUM):\n",
    "            if i != base:\n",
    "                l_t = plt.scatter(x, self.nor_pf[:, i], s=3, c=color[i])\n",
    "                l.append(l_t)\n",
    "                labels.append('$f_'+ str(i + 1) + '$')\n",
    "        plt.legend(handles=l, labels=labels, loc='best')\n",
    "        plt.xlabel('$f_' + str(base + 1) + '$')\n",
    "        # plt.title(self.instance_name + ' ($Z_' + str(base + 1) + '$)')\n",
    "\n",
    "        \n",
    "        if self.symmetric is False:\n",
    "            csv_name = self.instance_name.replace('D:/Yuyan/pyCode/obj_relationships/result/as/MOEAD/MOEAD_GLS/', '').replace('/PF/pf', '')\n",
    "        else:\n",
    "            csv_name = self.instance_name.replace('D:/Yuyan/pyCode/obj_relationships/result/s/MOEAD/MOEAD_GLS/', '').replace('/PF/pf', '')\n",
    "              \n",
    "        plt.savefig(csv_name + '-scatter.png')\n",
    "        plt.savefig(csv_name + '-scatter.eps', format='eps')\n",
    "        \n",
    "        \n",
    "        plt.show()        "
   ]
  },
  {
   "cell_type": "code",
   "execution_count": 28,
   "metadata": {},
   "outputs": [
    {
     "name": "stdout",
     "output_type": "stream",
     "text": [
      "(832, 6)\n",
      "<class 'numpy.ndarray'>\n",
      "(832, 6)\n",
      "(6, 6)\n",
      "          0         1         2         3    4    5\n",
      "0  1.000000  0.029812 -0.649634 -0.548022  NaN  NaN\n",
      "1  0.029812  1.000000 -0.229715 -0.024087  NaN  NaN\n",
      "2 -0.649634 -0.229715  1.000000  0.188357  NaN  NaN\n",
      "3 -0.548022 -0.024087  0.188357  1.000000  NaN  NaN\n",
      "4       NaN       NaN       NaN       NaN  1.0  NaN\n",
      "5       NaN       NaN       NaN       NaN  NaN  1.0\n",
      "INSTANCE:  test50-0-0-0-0.d0.tw0.D4\n",
      "(1473, 6)\n",
      "<class 'numpy.ndarray'>\n",
      "(1473, 6)\n",
      "(6, 6)\n",
      "          0         1         2         3    4    5\n",
      "0  1.000000  0.143520 -0.630674 -0.461325  NaN  NaN\n",
      "1  0.143520  1.000000 -0.375024 -0.185311  NaN  NaN\n",
      "2 -0.630674 -0.375024  1.000000  0.250603  NaN  NaN\n",
      "3 -0.461325 -0.185311  0.250603  1.000000  NaN  NaN\n",
      "4       NaN       NaN       NaN       NaN  1.0  NaN\n",
      "5       NaN       NaN       NaN       NaN  NaN  1.0\n",
      "INSTANCE:  test50-0-0-0-0.d0.tw0.D6\n",
      "(4842, 6)\n",
      "<class 'numpy.ndarray'>\n",
      "(4842, 6)\n",
      "(6, 6)\n",
      "          0         1         2         3         4         5\n",
      "0  1.000000 -0.098951 -0.066874 -0.028975 -0.016253 -0.009216\n",
      "1 -0.098951  1.000000 -0.289067 -0.133934 -0.369308 -0.049802\n",
      "2 -0.066874 -0.289067  1.000000  0.459602 -0.256543 -0.087473\n",
      "3 -0.028975 -0.133934  0.459602  1.000000 -0.302258 -0.060667\n",
      "4 -0.016253 -0.369308 -0.256543 -0.302258  1.000000  0.092716\n",
      "5 -0.009216 -0.049802 -0.087473 -0.060667  0.092716  1.000000\n",
      "INSTANCE:  test50-0-0-0-0.d0.tw1.D4\n",
      "(4100, 6)\n",
      "<class 'numpy.ndarray'>\n",
      "(4100, 6)\n",
      "(6, 6)\n",
      "          0         1         2         3         4         5\n",
      "0  1.000000 -0.077423 -0.121543 -0.079107  0.043920  0.004064\n",
      "1 -0.077423  1.000000 -0.347194 -0.161247 -0.300412 -0.022338\n",
      "2 -0.121543 -0.347194  1.000000  0.499756 -0.249868 -0.071893\n",
      "3 -0.079107 -0.161247  0.499756  1.000000 -0.334450 -0.061869\n",
      "4  0.043920 -0.300412 -0.249868 -0.334450  1.000000  0.048592\n",
      "5  0.004064 -0.022338 -0.071893 -0.061869  0.048592  1.000000\n",
      "INSTANCE:  test50-0-0-0-0.d0.tw1.D6\n",
      "(6448, 6)\n",
      "<class 'numpy.ndarray'>\n",
      "(6448, 6)\n",
      "(6, 6)\n",
      "          0         1         2         3         4         5\n",
      "0  1.000000  0.028898 -0.122525 -0.037368 -0.035055 -0.020266\n",
      "1  0.028898  1.000000 -0.141155 -0.017859 -0.369135 -0.001300\n",
      "2 -0.122525 -0.141155  1.000000  0.447074 -0.422020 -0.021677\n",
      "3 -0.037368 -0.017859  0.447074  1.000000 -0.376911  0.007091\n",
      "4 -0.035055 -0.369135 -0.422020 -0.376911  1.000000 -0.035131\n",
      "5 -0.020266 -0.001300 -0.021677  0.007091 -0.035131  1.000000\n",
      "INSTANCE:  test50-0-0-0-0.d0.tw2.D4\n",
      "(6053, 6)\n",
      "<class 'numpy.ndarray'>\n",
      "(6053, 6)\n",
      "(6, 6)\n",
      "          0         1         2         3         4         5\n",
      "0  1.000000 -0.021172 -0.068417  0.003578 -0.071882 -0.055537\n",
      "1 -0.021172  1.000000 -0.083164 -0.036382 -0.203567 -0.027365\n",
      "2 -0.068417 -0.083164  1.000000  0.527807 -0.591835  0.005256\n",
      "3  0.003578 -0.036382  0.527807  1.000000 -0.451743  0.004366\n",
      "4 -0.071882 -0.203567 -0.591835 -0.451743  1.000000  0.000887\n",
      "5 -0.055537 -0.027365  0.005256  0.004366  0.000887  1.000000\n",
      "INSTANCE:  test50-0-0-0-0.d0.tw2.D6\n",
      "(8471, 6)\n",
      "<class 'numpy.ndarray'>\n",
      "(8471, 6)\n",
      "(6, 6)\n",
      "          0         1         2         3         4         5\n",
      "0  1.000000 -0.042593 -0.129041 -0.070762 -0.137294 -0.039288\n",
      "1 -0.042593  1.000000  0.019092 -0.003354 -0.017738 -0.017419\n",
      "2 -0.129041  0.019092  1.000000  0.443819 -0.685988  0.016137\n",
      "3 -0.070762 -0.003354  0.443819  1.000000 -0.358085  0.019738\n",
      "4 -0.137294 -0.017738 -0.685988 -0.358085  1.000000 -0.024186\n",
      "5 -0.039288 -0.017419  0.016137  0.019738 -0.024186  1.000000\n",
      "INSTANCE:  test50-0-0-0-0.d0.tw3.D4\n",
      "(8941, 6)\n",
      "<class 'numpy.ndarray'>\n",
      "(8941, 6)\n",
      "(6, 6)\n",
      "          0         1         2         3         4         5\n",
      "0  1.000000 -0.059664 -0.129038 -0.055937 -0.200617 -0.057994\n",
      "1 -0.059664  1.000000  0.006667 -0.017720  0.046356 -0.014782\n",
      "2 -0.129038  0.006667  1.000000  0.372625 -0.650026  0.013312\n",
      "3 -0.055937 -0.017720  0.372625  1.000000 -0.277558  0.032478\n",
      "4 -0.200617  0.046356 -0.650026 -0.277558  1.000000  0.010148\n",
      "5 -0.057994 -0.014782  0.013312  0.032478  0.010148  1.000000\n",
      "INSTANCE:  test50-0-0-0-0.d0.tw3.D6\n",
      "(5352, 6)\n",
      "<class 'numpy.ndarray'>\n",
      "(5352, 6)\n",
      "(6, 6)\n",
      "          0         1         2         3         4         5\n",
      "0  1.000000 -0.097073 -0.196779 -0.104698  0.120412 -0.039253\n",
      "1 -0.097073  1.000000 -0.359088 -0.208262 -0.206849  0.038008\n",
      "2 -0.196779 -0.359088  1.000000  0.486658 -0.294108 -0.043847\n",
      "3 -0.104698 -0.208262  0.486658  1.000000 -0.331920 -0.005460\n",
      "4  0.120412 -0.206849 -0.294108 -0.331920  1.000000 -0.021962\n",
      "5 -0.039253  0.038008 -0.043847 -0.005460 -0.021962  1.000000\n",
      "INSTANCE:  test50-0-0-0-0.d0.tw4.D4\n",
      "(5190, 6)\n",
      "<class 'numpy.ndarray'>\n",
      "(5190, 6)\n",
      "(6, 6)\n",
      "          0         1         2         3         4         5\n",
      "0  1.000000 -0.069666 -0.232627 -0.145525  0.161666 -0.024055\n",
      "1 -0.069666  1.000000 -0.385796 -0.235591 -0.126168  0.016254\n",
      "2 -0.232627 -0.385796  1.000000  0.485279 -0.338464 -0.015679\n",
      "3 -0.145525 -0.235591  0.485279  1.000000 -0.359280  0.015523\n",
      "4  0.161666 -0.126168 -0.338464 -0.359280  1.000000 -0.024952\n",
      "5 -0.024055  0.016254 -0.015679  0.015523 -0.024952  1.000000\n",
      "INSTANCE:  test50-0-0-0-0.d0.tw4.D6\n",
      "(513, 6)\n",
      "<class 'numpy.ndarray'>\n",
      "(513, 6)\n",
      "(6, 6)\n",
      "          0         1         2         3    4    5\n",
      "0  1.000000 -0.002409 -0.768865 -0.523164  NaN  NaN\n",
      "1 -0.002409  1.000000 -0.167797 -0.060256  NaN  NaN\n",
      "2 -0.768865 -0.167797  1.000000  0.344660  NaN  NaN\n",
      "3 -0.523164 -0.060256  0.344660  1.000000  NaN  NaN\n",
      "4       NaN       NaN       NaN       NaN  1.0  NaN\n",
      "5       NaN       NaN       NaN       NaN  NaN  1.0\n",
      "INSTANCE:  test150-0-0-0-0.d0.tw0.D4\n",
      "(496, 6)\n",
      "<class 'numpy.ndarray'>\n",
      "(496, 6)\n",
      "(6, 6)\n",
      "          0         1         2         3    4    5\n",
      "0  1.000000  0.112163 -0.472259 -0.317380  NaN  NaN\n",
      "1  0.112163  1.000000 -0.524230 -0.181126  NaN  NaN\n",
      "2 -0.472259 -0.524230  1.000000  0.133587  NaN  NaN\n",
      "3 -0.317380 -0.181126  0.133587  1.000000  NaN  NaN\n",
      "4       NaN       NaN       NaN       NaN  1.0  NaN\n",
      "5       NaN       NaN       NaN       NaN  NaN  1.0\n",
      "INSTANCE:  test150-0-0-0-0.d0.tw0.D6\n",
      "(3198, 6)\n",
      "<class 'numpy.ndarray'>\n",
      "(3198, 6)\n",
      "(6, 6)\n",
      "          0         1         2         3         4         5\n",
      "0  1.000000 -0.066240 -0.220418 -0.136000 -0.047597 -0.073065\n",
      "1 -0.066240  1.000000 -0.167622 -0.127699  0.066890 -0.032163\n",
      "2 -0.220418 -0.167622  1.000000  0.566325 -0.648659 -0.075937\n",
      "3 -0.136000 -0.127699  0.566325  1.000000 -0.579054 -0.093734\n",
      "4 -0.047597  0.066890 -0.648659 -0.579054  1.000000  0.190589\n",
      "5 -0.073065 -0.032163 -0.075937 -0.093734  0.190589  1.000000\n",
      "INSTANCE:  test150-0-0-0-0.d0.tw1.D4\n",
      "(2625, 6)\n",
      "<class 'numpy.ndarray'>\n",
      "(2625, 6)\n",
      "(6, 6)\n",
      "          0         1         2         3         4         5\n",
      "0  1.000000  0.040009 -0.064658 -0.061514  0.012746 -0.083265\n",
      "1  0.040009  1.000000 -0.193523 -0.159546  0.041982 -0.090178\n",
      "2 -0.064658 -0.193523  1.000000  0.569099 -0.787136 -0.138985\n",
      "3 -0.061514 -0.159546  0.569099  1.000000 -0.613127 -0.142738\n",
      "4  0.012746  0.041982 -0.787136 -0.613127  1.000000  0.174273\n",
      "5 -0.083265 -0.090178 -0.138985 -0.142738  0.174273  1.000000\n",
      "INSTANCE:  test150-0-0-0-0.d0.tw1.D6\n",
      "(3980, 6)\n",
      "<class 'numpy.ndarray'>\n",
      "(3980, 6)\n",
      "(6, 6)\n",
      "          0         1         2         3         4         5\n",
      "0  1.000000 -0.209191 -0.074537 -0.045520 -0.160159  0.001204\n",
      "1 -0.209191  1.000000 -0.072545 -0.091189  0.204350  0.013007\n",
      "2 -0.074537 -0.072545  1.000000  0.546831 -0.754147  0.093363\n",
      "3 -0.045520 -0.091189  0.546831  1.000000 -0.533919  0.099026\n",
      "4 -0.160159  0.204350 -0.754147 -0.533919  1.000000 -0.080997\n",
      "5  0.001204  0.013007  0.093363  0.099026 -0.080997  1.000000\n",
      "INSTANCE:  test150-0-0-0-0.d0.tw2.D4\n",
      "(2712, 6)\n",
      "<class 'numpy.ndarray'>\n",
      "(2712, 6)\n",
      "(6, 6)\n",
      "          0         1         2         3         4         5\n",
      "0  1.000000  0.050879 -0.084709 -0.110630  0.066142 -0.086485\n",
      "1  0.050879  1.000000 -0.213003 -0.156632  0.199091 -0.012825\n",
      "2 -0.084709 -0.213003  1.000000  0.573886 -0.918301  0.050035\n",
      "3 -0.110630 -0.156632  0.573886  1.000000 -0.624023  0.064059\n",
      "4  0.066142  0.199091 -0.918301 -0.624023  1.000000 -0.067968\n",
      "5 -0.086485 -0.012825  0.050035  0.064059 -0.067968  1.000000\n",
      "INSTANCE:  test150-0-0-0-0.d0.tw2.D6\n",
      "(4416, 6)\n",
      "<class 'numpy.ndarray'>\n",
      "(4416, 6)\n",
      "(6, 6)\n",
      "          0         1         2         3         4         5\n",
      "0  1.000000 -0.610747 -0.101110 -0.019954 -0.138678 -0.036118\n",
      "1 -0.610747  1.000000  0.042103 -0.109545  0.211721 -0.042878\n",
      "2 -0.101110  0.042103  1.000000  0.435158 -0.761403  0.071675\n",
      "3 -0.019954 -0.109545  0.435158  1.000000 -0.432440  0.110752\n",
      "4 -0.138678  0.211721 -0.761403 -0.432440  1.000000 -0.066151\n",
      "5 -0.036118 -0.042878  0.071675  0.110752 -0.066151  1.000000\n",
      "INSTANCE:  test150-0-0-0-0.d0.tw3.D4\n",
      "(3444, 6)\n"
     ]
    },
    {
     "name": "stdout",
     "output_type": "stream",
     "text": [
      "<class 'numpy.ndarray'>\n",
      "(3444, 6)\n",
      "(6, 6)\n",
      "          0         1         2         3         4         5\n",
      "0  1.000000 -0.475468 -0.021196 -0.033753 -0.086915 -0.106046\n",
      "1 -0.475468  1.000000 -0.019468 -0.071031  0.131105  0.044195\n",
      "2 -0.021196 -0.019468  1.000000  0.473894 -0.872717  0.092753\n",
      "3 -0.033753 -0.071031  0.473894  1.000000 -0.508280  0.107458\n",
      "4 -0.086915  0.131105 -0.872717 -0.508280  1.000000 -0.095611\n",
      "5 -0.106046  0.044195  0.092753  0.107458 -0.095611  1.000000\n",
      "INSTANCE:  test150-0-0-0-0.d0.tw3.D6\n",
      "(3532, 6)\n",
      "<class 'numpy.ndarray'>\n",
      "(3532, 6)\n",
      "(6, 6)\n",
      "          0         1         2         3         4         5\n",
      "0  1.000000 -0.037971 -0.142946 -0.082149 -0.031898 -0.010254\n",
      "1 -0.037971  1.000000 -0.139470 -0.078433  0.088667 -0.004048\n",
      "2 -0.142946 -0.139470  1.000000  0.582640 -0.734179  0.004575\n",
      "3 -0.082149 -0.078433  0.582640  1.000000 -0.613570  0.004522\n",
      "4 -0.031898  0.088667 -0.734179 -0.613570  1.000000 -0.002946\n",
      "5 -0.010254 -0.004048  0.004575  0.004522 -0.002946  1.000000\n",
      "INSTANCE:  test150-0-0-0-0.d0.tw4.D4\n",
      "(3809, 6)\n",
      "<class 'numpy.ndarray'>\n",
      "(3809, 6)\n",
      "(6, 6)\n",
      "          0         1         2         3         4         5\n",
      "0  1.000000  0.052231 -0.076686 -0.043375 -0.017108 -0.052136\n",
      "1  0.052231  1.000000 -0.137057 -0.078973  0.031266 -0.011128\n",
      "2 -0.076686 -0.137057  1.000000  0.609638 -0.808906 -0.011259\n",
      "3 -0.043375 -0.078973  0.609638  1.000000 -0.671774 -0.008254\n",
      "4 -0.017108  0.031266 -0.808906 -0.671774  1.000000 -0.011961\n",
      "5 -0.052136 -0.011128 -0.011259 -0.008254 -0.011961  1.000000\n",
      "INSTANCE:  test150-0-0-0-0.d0.tw4.D6\n",
      "(748, 6)\n",
      "<class 'numpy.ndarray'>\n",
      "(748, 6)\n",
      "(6, 6)\n",
      "          0         1         2         3    4    5\n",
      "0  1.000000 -0.000649 -0.669921 -0.347592  NaN  NaN\n",
      "1 -0.000649  1.000000 -0.230145 -0.091819  NaN  NaN\n",
      "2 -0.669921 -0.230145  1.000000  0.116322  NaN  NaN\n",
      "3 -0.347592 -0.091819  0.116322  1.000000  NaN  NaN\n",
      "4       NaN       NaN       NaN       NaN  1.0  NaN\n",
      "5       NaN       NaN       NaN       NaN  NaN  1.0\n",
      "INSTANCE:  test250-0-0-0-0.d0.tw0.D4\n",
      "(1007, 6)\n",
      "<class 'numpy.ndarray'>\n",
      "(1007, 6)\n",
      "(6, 6)\n",
      "          0         1         2         3    4    5\n",
      "0  1.000000  0.141851 -0.747312 -0.467116  NaN  NaN\n",
      "1  0.141851  1.000000 -0.305694 -0.179976  NaN  NaN\n",
      "2 -0.747312 -0.305694  1.000000  0.311483  NaN  NaN\n",
      "3 -0.467116 -0.179976  0.311483  1.000000  NaN  NaN\n",
      "4       NaN       NaN       NaN       NaN  1.0  NaN\n",
      "5       NaN       NaN       NaN       NaN  NaN  1.0\n",
      "INSTANCE:  test250-0-0-0-0.d0.tw0.D6\n",
      "(1750, 6)\n",
      "<class 'numpy.ndarray'>\n",
      "(1750, 6)\n",
      "(6, 6)\n",
      "          0         1         2         3         4         5\n",
      "0  1.000000 -0.606493 -0.266752 -0.185897 -0.016905 -0.119156\n",
      "1 -0.606493  1.000000  0.187879  0.034414  0.094414  0.060745\n",
      "2 -0.266752  0.187879  1.000000  0.517289 -0.707411 -0.186489\n",
      "3 -0.185897  0.034414  0.517289  1.000000 -0.556905 -0.208506\n",
      "4 -0.016905  0.094414 -0.707411 -0.556905  1.000000  0.257276\n",
      "5 -0.119156  0.060745 -0.186489 -0.208506  0.257276  1.000000\n",
      "INSTANCE:  test250-0-0-0-0.d0.tw1.D4\n",
      "(2654, 6)\n",
      "<class 'numpy.ndarray'>\n",
      "(2654, 6)\n",
      "(6, 6)\n",
      "          0         1         2         3         4         5\n",
      "0  1.000000 -0.504047 -0.315901 -0.204648 -0.001984 -0.055404\n",
      "1 -0.504047  1.000000  0.189923 -0.027720  0.152122 -0.007961\n",
      "2 -0.315901  0.189923  1.000000  0.478165 -0.655978 -0.160288\n",
      "3 -0.204648 -0.027720  0.478165  1.000000 -0.492195 -0.123974\n",
      "4 -0.001984  0.152122 -0.655978 -0.492195  1.000000  0.192913\n",
      "5 -0.055404 -0.007961 -0.160288 -0.123974  0.192913  1.000000\n",
      "INSTANCE:  test250-0-0-0-0.d0.tw1.D6\n",
      "(2525, 6)\n",
      "<class 'numpy.ndarray'>\n",
      "(2525, 6)\n",
      "(6, 6)\n",
      "          0         1         2         3         4         5\n",
      "0  1.000000 -0.534092 -0.138317 -0.090851  0.003634 -0.063841\n",
      "1 -0.534092  1.000000  0.195811  0.022598 -0.053044 -0.018451\n",
      "2 -0.138317  0.195811  1.000000  0.485970 -0.849994  0.022501\n",
      "3 -0.090851  0.022598  0.485970  1.000000 -0.531629  0.064236\n",
      "4  0.003634 -0.053044 -0.849994 -0.531629  1.000000 -0.039200\n",
      "5 -0.063841 -0.018451  0.022501  0.064236 -0.039200  1.000000\n",
      "INSTANCE:  test250-0-0-0-0.d0.tw2.D4\n",
      "(2743, 6)\n",
      "<class 'numpy.ndarray'>\n",
      "(2743, 6)\n",
      "(6, 6)\n",
      "          0         1         2         3         4         5\n",
      "0  1.000000 -0.591917 -0.148916 -0.073829 -0.173256  0.006227\n",
      "1 -0.591917  1.000000  0.260350  0.055127  0.100845 -0.067374\n",
      "2 -0.148916  0.260350  1.000000  0.509258 -0.662696  0.047995\n",
      "3 -0.073829  0.055127  0.509258  1.000000 -0.506167  0.063844\n",
      "4 -0.173256  0.100845 -0.662696 -0.506167  1.000000 -0.083535\n",
      "5  0.006227 -0.067374  0.047995  0.063844 -0.083535  1.000000\n",
      "INSTANCE:  test250-0-0-0-0.d0.tw2.D6\n",
      "(1912, 6)\n",
      "<class 'numpy.ndarray'>\n",
      "(1912, 6)\n",
      "(6, 6)\n",
      "          0         1         2         3         4         5\n",
      "0  1.000000 -0.393866 -0.104625 -0.081339 -0.043666 -0.031219\n",
      "1 -0.393866  1.000000  0.059873 -0.125929  0.133495 -0.070787\n",
      "2 -0.104625  0.059873  1.000000  0.369647 -0.806173  0.021106\n",
      "3 -0.081339 -0.125929  0.369647  1.000000 -0.440549  0.096135\n",
      "4 -0.043666  0.133495 -0.806173 -0.440549  1.000000 -0.051868\n",
      "5 -0.031219 -0.070787  0.021106  0.096135 -0.051868  1.000000\n",
      "INSTANCE:  test250-0-0-0-0.d0.tw3.D4\n",
      "(2148, 6)\n",
      "<class 'numpy.ndarray'>\n",
      "(2148, 6)\n",
      "(6, 6)\n",
      "          0         1         2         3         4         5\n",
      "0  1.000000 -0.531190 -0.059305 -0.025097 -0.207739 -0.041244\n",
      "1 -0.531190  1.000000  0.172080 -0.113136  0.152153 -0.100618\n",
      "2 -0.059305  0.172080  1.000000  0.367135 -0.692186  0.095678\n",
      "3 -0.025097 -0.113136  0.367135  1.000000 -0.415902  0.143124\n",
      "4 -0.207739  0.152153 -0.692186 -0.415902  1.000000 -0.124954\n",
      "5 -0.041244 -0.100618  0.095678  0.143124 -0.124954  1.000000\n",
      "INSTANCE:  test250-0-0-0-0.d0.tw3.D6\n",
      "(1730, 6)\n",
      "<class 'numpy.ndarray'>\n",
      "(1730, 6)\n",
      "(6, 6)\n",
      "          0         1         2         3         4         5\n",
      "0  1.000000 -0.540296 -0.223013 -0.143884 -0.089605  0.028626\n",
      "1 -0.540296  1.000000  0.111220 -0.046098  0.194954 -0.012090\n",
      "2 -0.223013  0.111220  1.000000  0.513921 -0.676040 -0.056460\n",
      "3 -0.143884 -0.046098  0.513921  1.000000 -0.539184 -0.039331\n",
      "4 -0.089605  0.194954 -0.676040 -0.539184  1.000000  0.037030\n",
      "5  0.028626 -0.012090 -0.056460 -0.039331  0.037030  1.000000\n",
      "INSTANCE:  test250-0-0-0-0.d0.tw4.D4\n",
      "(2968, 6)\n",
      "<class 'numpy.ndarray'>\n",
      "(2968, 6)\n",
      "(6, 6)\n",
      "          0         1         2         3         4         5\n",
      "0  1.000000 -0.625323 -0.371120 -0.217889 -0.087184 -0.006769\n",
      "1 -0.625323  1.000000  0.232813  0.050954  0.218102 -0.044801\n",
      "2 -0.371120  0.232813  1.000000  0.512237 -0.529748 -0.018972\n",
      "3 -0.217889  0.050954  0.512237  1.000000 -0.439488 -0.001587\n",
      "4 -0.087184  0.218102 -0.529748 -0.439488  1.000000 -0.000231\n",
      "5 -0.006769 -0.044801 -0.018972 -0.001587 -0.000231  1.000000\n",
      "INSTANCE:  test250-0-0-0-0.d0.tw4.D6\n",
      "(2379, 6)\n",
      "<class 'numpy.ndarray'>\n",
      "(2379, 6)\n",
      "(6, 6)\n",
      "          0         1         2         3         4         5\n",
      "0  1.000000 -0.086574 -0.191644 -0.122442 -0.013417 -0.188204\n",
      "1 -0.086574  1.000000 -0.484696 -0.243917 -0.513037 -0.046493\n",
      "2 -0.191644 -0.484696  1.000000  0.332781  0.166293  0.173649\n",
      "3 -0.122442 -0.243917  0.332781  1.000000  0.014514  0.031250\n",
      "4 -0.013417 -0.513037  0.166293  0.014514  1.000000 -0.046025\n",
      "5 -0.188204 -0.046493  0.173649  0.031250 -0.046025  1.000000\n",
      "INSTANCE:  C101_100\n",
      "(1684, 6)\n",
      "<class 'numpy.ndarray'>\n",
      "(1684, 6)\n",
      "(6, 6)\n",
      "          0         1         2         3         4         5\n",
      "0  1.000000 -0.117179 -0.284603 -0.225033 -0.056338 -0.112219\n",
      "1 -0.117179  1.000000 -0.333866 -0.161526 -0.254202 -0.067402\n",
      "2 -0.284603 -0.333866  1.000000  0.324271 -0.037015  0.169898\n",
      "3 -0.225033 -0.161526  0.324271  1.000000 -0.158398  0.070504\n",
      "4 -0.056338 -0.254202 -0.037015 -0.158398  1.000000 -0.086176\n",
      "5 -0.112219 -0.067402  0.169898  0.070504 -0.086176  1.000000\n",
      "INSTANCE:  C102_100\n",
      "(1991, 6)\n",
      "<class 'numpy.ndarray'>\n",
      "(1991, 6)\n",
      "(6, 6)\n",
      "          0         1         2         3         4         5\n",
      "0  1.000000 -0.049240 -0.298378 -0.182218 -0.081125 -0.098646\n",
      "1 -0.049240  1.000000 -0.416647 -0.270279 -0.195685 -0.081286\n",
      "2 -0.298378 -0.416647  1.000000  0.374934  0.031945  0.142748\n",
      "3 -0.182218 -0.270279  0.374934  1.000000 -0.148054  0.067156\n",
      "4 -0.081125 -0.195685  0.031945 -0.148054  1.000000 -0.095874\n",
      "5 -0.098646 -0.081286  0.142748  0.067156 -0.095874  1.000000\n",
      "INSTANCE:  C103_100\n",
      "(2549, 6)\n",
      "<class 'numpy.ndarray'>\n",
      "(2549, 6)\n",
      "(6, 6)\n",
      "          0         1         2         3         4         5\n",
      "0  1.000000 -0.102919 -0.303678 -0.076960 -0.072226  0.015167\n",
      "1 -0.102919  1.000000 -0.302732 -0.244993 -0.048271 -0.045213\n",
      "2 -0.303678 -0.302732  1.000000  0.307375 -0.223384  0.048854\n",
      "3 -0.076960 -0.244993  0.307375  1.000000 -0.215560 -0.001252\n",
      "4 -0.072226 -0.048271 -0.223384 -0.215560  1.000000 -0.117500\n",
      "5  0.015167 -0.045213  0.048854 -0.001252 -0.117500  1.000000\n",
      "INSTANCE:  C104_100\n",
      "(2870, 6)\n",
      "<class 'numpy.ndarray'>\n",
      "(2870, 6)\n",
      "(6, 6)\n",
      "          0         1         2         3         4         5\n",
      "0  1.000000 -0.176086 -0.011392 -0.009624  0.086065 -0.088390\n",
      "1 -0.176086  1.000000 -0.545774 -0.298091 -0.532178 -0.106649\n",
      "2 -0.011392 -0.545774  1.000000  0.385325  0.143812  0.146035\n",
      "3 -0.009624 -0.298091  0.385325  1.000000  0.076239  0.060702\n",
      "4  0.086065 -0.532178  0.143812  0.076239  1.000000  0.042380\n",
      "5 -0.088390 -0.106649  0.146035  0.060702  0.042380  1.000000\n",
      "INSTANCE:  C105_100\n",
      "(2286, 6)\n",
      "<class 'numpy.ndarray'>\n",
      "(2286, 6)\n",
      "(6, 6)\n",
      "          0         1         2         3         4         5\n",
      "0  1.000000 -0.020079 -0.235909 -0.193805 -0.097921 -0.116392\n",
      "1 -0.020079  1.000000 -0.453837 -0.235834 -0.395995 -0.104331\n",
      "2 -0.235909 -0.453837  1.000000  0.354195  0.042402  0.142544\n",
      "3 -0.193805 -0.235834  0.354195  1.000000  0.004863  0.067741\n",
      "4 -0.097921 -0.395995  0.042402  0.004863  1.000000  0.014796\n",
      "5 -0.116392 -0.104331  0.142544  0.067741  0.014796  1.000000\n",
      "INSTANCE:  C106_100\n",
      "(2444, 6)\n",
      "<class 'numpy.ndarray'>\n",
      "(2444, 6)\n"
     ]
    },
    {
     "name": "stdout",
     "output_type": "stream",
     "text": [
      "(6, 6)\n",
      "          0         1         2         3         4         5\n",
      "0  1.000000  0.055672 -0.298369 -0.261805 -0.065748 -0.123118\n",
      "1  0.055672  1.000000 -0.452089 -0.266755 -0.327628  0.063526\n",
      "2 -0.298369 -0.452089  1.000000  0.405406 -0.021654 -0.021920\n",
      "3 -0.261805 -0.266755  0.405406  1.000000 -0.087790  0.021872\n",
      "4 -0.065748 -0.327628 -0.021654 -0.087790  1.000000 -0.033146\n",
      "5 -0.123118  0.063526 -0.021920  0.021872 -0.033146  1.000000\n",
      "INSTANCE:  C107_100\n",
      "(2188, 6)\n",
      "<class 'numpy.ndarray'>\n",
      "(2188, 6)\n",
      "(6, 6)\n",
      "          0         1         2         3         4         5\n",
      "0  1.000000 -0.014635 -0.280990 -0.216758 -0.004164 -0.136985\n",
      "1 -0.014635  1.000000 -0.346719 -0.227118 -0.335851 -0.026245\n",
      "2 -0.280990 -0.346719  1.000000  0.377133 -0.061169  0.046734\n",
      "3 -0.216758 -0.227118  0.377133  1.000000 -0.096316  0.023495\n",
      "4 -0.004164 -0.335851 -0.061169 -0.096316  1.000000  0.009304\n",
      "5 -0.136985 -0.026245  0.046734  0.023495  0.009304  1.000000\n",
      "INSTANCE:  C108_100\n",
      "(2711, 6)\n",
      "<class 'numpy.ndarray'>\n",
      "(2711, 6)\n",
      "(6, 6)\n",
      "          0         1         2         3         4         5\n",
      "0  1.000000  0.069952 -0.353280 -0.251892 -0.092709 -0.134913\n",
      "1  0.069952  1.000000 -0.336511 -0.209603 -0.220050 -0.035199\n",
      "2 -0.353280 -0.336511  1.000000  0.405218 -0.154969  0.027428\n",
      "3 -0.251892 -0.209603  0.405218  1.000000 -0.151306  0.078637\n",
      "4 -0.092709 -0.220050 -0.154969 -0.151306  1.000000  0.039698\n",
      "5 -0.134913 -0.035199  0.027428  0.078637  0.039698  1.000000\n",
      "INSTANCE:  C109_100\n",
      "(1870, 6)\n",
      "<class 'numpy.ndarray'>\n",
      "(1870, 6)\n",
      "(6, 6)\n",
      "          0         1         2         3         4         5\n",
      "0  1.000000 -0.001463 -0.142745 -0.129007 -0.002579 -0.030771\n",
      "1 -0.001463  1.000000 -0.371935 -0.277184  0.029964 -0.143889\n",
      "2 -0.142745 -0.371935  1.000000  0.439024 -0.160041  0.038448\n",
      "3 -0.129007 -0.277184  0.439024  1.000000 -0.391735 -0.022902\n",
      "4 -0.002579  0.029964 -0.160041 -0.391735  1.000000  0.009356\n",
      "5 -0.030771 -0.143889  0.038448 -0.022902  0.009356  1.000000\n",
      "INSTANCE:  C201_100\n",
      "(1454, 6)\n",
      "<class 'numpy.ndarray'>\n",
      "(1454, 6)\n",
      "(6, 6)\n",
      "          0         1         2         3         4         5\n",
      "0  1.000000  0.091336 -0.185598 -0.102167 -0.011026 -0.041806\n",
      "1  0.091336  1.000000 -0.384069 -0.235517 -0.005334 -0.048553\n",
      "2 -0.185598 -0.384069  1.000000  0.454593 -0.226233 -0.034612\n",
      "3 -0.102167 -0.235517  0.454593  1.000000 -0.412092 -0.078117\n",
      "4 -0.011026 -0.005334 -0.226233 -0.412092  1.000000 -0.022159\n",
      "5 -0.041806 -0.048553 -0.034612 -0.078117 -0.022159  1.000000\n",
      "INSTANCE:  C202_100\n",
      "(1234, 6)\n",
      "<class 'numpy.ndarray'>\n",
      "(1234, 6)\n",
      "(6, 6)\n",
      "          0         1         2         3         4         5\n",
      "0  1.000000  0.046730 -0.117499 -0.070321 -0.070606 -0.018149\n",
      "1  0.046730  1.000000 -0.349054 -0.222303 -0.043168 -0.081562\n",
      "2 -0.117499 -0.349054  1.000000  0.479029 -0.298388  0.030699\n",
      "3 -0.070321 -0.222303  0.479029  1.000000 -0.469444  0.019779\n",
      "4 -0.070606 -0.043168 -0.298388 -0.469444  1.000000 -0.013048\n",
      "5 -0.018149 -0.081562  0.030699  0.019779 -0.013048  1.000000\n",
      "INSTANCE:  C203_100\n",
      "(1541, 6)\n",
      "<class 'numpy.ndarray'>\n",
      "(1541, 6)\n",
      "(6, 6)\n",
      "          0         1         2         3         4         5\n",
      "0  1.000000 -0.113007  0.017096  0.032825 -0.083110 -0.091318\n",
      "1 -0.113007  1.000000 -0.266616 -0.126892 -0.099906  0.059195\n",
      "2  0.017096 -0.266616  1.000000  0.519413 -0.384384  0.001163\n",
      "3  0.032825 -0.126892  0.519413  1.000000 -0.602202  0.037404\n",
      "4 -0.083110 -0.099906 -0.384384 -0.602202  1.000000 -0.061476\n",
      "5 -0.091318  0.059195  0.001163  0.037404 -0.061476  1.000000\n",
      "INSTANCE:  C204_100\n",
      "(1681, 6)\n",
      "<class 'numpy.ndarray'>\n",
      "(1681, 6)\n",
      "(6, 6)\n",
      "          0         1         2         3         4         5\n",
      "0  1.000000 -0.011650 -0.053582 -0.053609 -0.054454 -0.059296\n",
      "1 -0.011650  1.000000 -0.385563 -0.259684 -0.030503 -0.179867\n",
      "2 -0.053582 -0.385563  1.000000  0.484063 -0.145214  0.135100\n",
      "3 -0.053609 -0.259684  0.484063  1.000000 -0.370407  0.033322\n",
      "4 -0.054454 -0.030503 -0.145214 -0.370407  1.000000 -0.001447\n",
      "5 -0.059296 -0.179867  0.135100  0.033322 -0.001447  1.000000\n",
      "INSTANCE:  C205_100\n",
      "(1671, 6)\n",
      "<class 'numpy.ndarray'>\n",
      "(1671, 6)\n",
      "(6, 6)\n",
      "          0         1         2         3         4         5\n",
      "0  1.000000 -0.061359 -0.082429 -0.120419 -0.012314 -0.025199\n",
      "1 -0.061359  1.000000 -0.388032 -0.274069  0.022037 -0.203005\n",
      "2 -0.082429 -0.388032  1.000000  0.461133 -0.185474  0.078281\n",
      "3 -0.120419 -0.274069  0.461133  1.000000 -0.419481  0.031422\n",
      "4 -0.012314  0.022037 -0.185474 -0.419481  1.000000 -0.028837\n",
      "5 -0.025199 -0.203005  0.078281  0.031422 -0.028837  1.000000\n",
      "INSTANCE:  C206_100\n",
      "(1798, 6)\n",
      "<class 'numpy.ndarray'>\n",
      "(1798, 6)\n",
      "(6, 6)\n",
      "          0         1         2         3         4         5\n",
      "0  1.000000 -0.012837 -0.118853 -0.052744 -0.063525 -0.079457\n",
      "1 -0.012837  1.000000 -0.241994 -0.159606 -0.073031 -0.195928\n",
      "2 -0.118853 -0.241994  1.000000  0.504351 -0.202124  0.056248\n",
      "3 -0.052744 -0.159606  0.504351  1.000000 -0.407370 -0.020222\n",
      "4 -0.063525 -0.073031 -0.202124 -0.407370  1.000000  0.031731\n",
      "5 -0.079457 -0.195928  0.056248 -0.020222  0.031731  1.000000\n",
      "INSTANCE:  C207_100\n",
      "(1884, 6)\n",
      "<class 'numpy.ndarray'>\n",
      "(1884, 6)\n",
      "(6, 6)\n",
      "          0         1         2         3         4         5\n",
      "0  1.000000  0.064377 -0.073242 -0.026893 -0.072685 -0.072940\n",
      "1  0.064377  1.000000 -0.236088 -0.137535 -0.066651 -0.136427\n",
      "2 -0.073242 -0.236088  1.000000  0.477043 -0.219735 -0.079910\n",
